Epoch	Train_Loss	Val_Loss	Val_F1	Val_Recall	Val_Precision	Val_MCC
1	0.7067	0.6791	0.1296	0.1481	0.1275	0.1155
2	0.6701	0.6523	0.2252	0.3690	0.1724	0.2252
3	0.6289	0.6234	0.2707	0.4168	0.2098	0.2722
4	0.5641	0.5849	0.3434	0.3914	0.3322	0.3396
5	0.4939	0.5516	0.3893	0.3356	0.5205	0.3985
6	0.4255	0.5507	0.3583	0.2560	0.7144	0.4057
7	0.3612	0.4736	0.4589	0.3934	0.6060	0.4704
8	0.3091	0.4484	0.4775	0.4382	0.5639	0.4807
9	0.2696	0.4298	0.4908	0.4773	0.5401	0.4912
10	0.2340	0.4023	0.5230	0.4310	0.7221	0.5420
11	0.2126	0.3855	0.5394	0.4705	0.6814	0.5503
12	0.1933	0.3907	0.5289	0.4961	0.6040	0.5320
13	0.1827	0.3697	0.5557	0.5011	0.6686	0.5632
14	0.1712	0.3558	0.5711	0.4966	0.7258	0.5843
15	0.1609	0.3526	0.5741	0.4595	0.8329	0.6032
16	0.1539	0.3543	0.5718	0.5131	0.6941	0.5811
17	0.1478	0.3493	0.5782	0.5317	0.6838	0.5863
18	0.1436	0.3442	0.5853	0.5270	0.7079	0.5947
19	0.1381	0.3233	0.6106	0.5138	0.8064	0.6291
20	0.1320	0.3272	0.6060	0.5320	0.7605	0.6190
21	0.1299	0.3207	0.6150	0.5459	0.7536	0.6261
22	0.1228	0.3078	0.6309	0.5465	0.7976	0.6456
23	0.1203	0.3044	0.6359	0.5290	0.8610	0.6584
24	0.1177	0.2962	0.6455	0.5628	0.8004	0.6582
25	0.1177	0.2940	0.6506	0.5511	0.8435	0.6685
26	0.1101	0.2916	0.6528	0.5517	0.8584	0.6732
27	0.1066	0.2859	0.6584	0.5700	0.8300	0.6738
28	0.1041	0.2834	0.6631	0.5879	0.8032	0.6740
29	0.1006	0.2829	0.6640	0.5956	0.7967	0.6748
30	0.0993	0.2790	0.6674	0.5952	0.8012	0.6778
31	0.0945	0.2850	0.6590	0.5615	0.8696	0.6805
32	0.0893	0.2650	0.6850	0.5994	0.8474	0.6986
33	0.0877	0.2587	0.6915	0.6006	0.8623	0.7063
34	0.0839	0.2541	0.6979	0.6089	0.8658	0.7125
35	0.0865	0.2549	0.6979	0.6251	0.8387	0.7100
36	0.0825	0.2519	0.6995	0.6095	0.8718	0.7153
37	0.0807	0.2478	0.7068	0.6345	0.8382	0.7170
38	0.0768	0.2541	0.7008	0.5917	0.9176	0.7227
39	0.0723	0.2440	0.7110	0.6349	0.8577	0.7239
40	0.0699	0.2395	0.7168	0.6432	0.8518	0.7278
41	0.0693	0.2380	0.7200	0.6270	0.8957	0.7359
42	0.0672	0.2331	0.7252	0.6370	0.8882	0.7392
43	0.0651	0.2283	0.7309	0.6596	0.8540	0.7398
44	0.0640	0.2261	0.7355	0.6655	0.8568	0.7444
45	0.0590	0.2231	0.7376	0.6665	0.8558	0.7456
46	0.0594	0.2234	0.7367	0.6524	0.8864	0.7492
47	0.0547	0.2414	0.7172	0.6117	0.9172	0.7364
48	0.0521	0.2142	0.7471	0.6785	0.8642	0.7554
49	0.0510	0.2124	0.7547	0.6742	0.8935	0.7656
50	0.0463	0.2093	0.7559	0.6876	0.8692	0.7636
51	0.0460	0.2095	0.7563	0.6932	0.8666	0.7644
52	0.0423	0.2029	0.7632	0.6989	0.8744	0.7703
53	0.0410	0.1979	0.7699	0.6982	0.8899	0.7787
54	0.0397	0.1946	0.7737	0.7068	0.8898	0.7820
55	0.0364	0.2056	0.7611	0.6702	0.9137	0.7732
56	0.0353	0.1873	0.7829	0.7007	0.9251	0.7942
57	0.0347	0.1811	0.7905	0.7244	0.8957	0.7971
58	0.0324	0.1809	0.7908	0.7118	0.9204	0.8003
59	0.0315	0.1750	0.7957	0.7328	0.8997	0.8027
60	0.0280	0.1720	0.8010	0.7355	0.9069	0.8081
61	0.0287	0.1730	0.8015	0.7399	0.9032	0.8085
62	0.0271	0.1726	0.8033	0.7544	0.8879	0.8089
63	0.0265	0.1629	0.8095	0.7475	0.9141	0.8170
64	0.0233	0.1791	0.7945	0.7137	0.9292	0.8050
65	0.0224	0.1632	0.8149	0.7563	0.9083	0.8208
66	0.0216	0.1640	0.8125	0.7582	0.8984	0.8175
67	0.0213	0.1668	0.8104	0.7431	0.9192	0.8179
68	0.0206	0.1681	0.8092	0.7515	0.9067	0.8161
69	0.0205	0.1490	0.8294	0.7755	0.9180	0.8350
70	0.0185	0.1772	0.8003	0.7268	0.9222	0.8093
71	0.0199	0.1563	0.8204	0.7992	0.8622	0.8227
72	0.0163	0.1465	0.8349	0.7762	0.9266	0.8405
73	0.0166	0.1491	0.8315	0.7775	0.9169	0.8367
74	0.0141	0.1493	0.8312	0.8237	0.8589	0.8334
75	0.0144	0.1391	0.8430	0.8110	0.8955	0.8456
76	0.0144	0.1510	0.8297	0.7671	0.9300	0.8365
77	0.0140	0.1498	0.8316	0.7581	0.9505	0.8400
78	0.0117	0.1363	0.8441	0.8174	0.8887	0.8462
79	0.0125	0.1415	0.8420	0.7930	0.9243	0.8476
80	0.0116	0.1322	0.8515	0.8173	0.9063	0.8543
81	0.0118	0.1476	0.8326	0.7660	0.9378	0.8397
82	0.0097	0.1358	0.8478	0.8274	0.8889	0.8506
83	0.0098	0.1278	0.8565	0.8319	0.8989	0.8587
84	0.0116	0.1410	0.8410	0.8257	0.8717	0.8423
85	0.0084	0.1303	0.8544	0.8233	0.9094	0.8580
86	0.0093	0.1244	0.8611	0.8128	0.9318	0.8646
87	0.0094	0.1287	0.8561	0.8291	0.8997	0.8580
88	0.0102	0.1201	0.8658	0.8416	0.9074	0.8678
89	0.0095	0.1386	0.8444	0.7837	0.9457	0.8513
90	0.0081	0.1256	0.8582	0.8324	0.9064	0.8612
91	0.0075	0.1286	0.8568	0.8084	0.9338	0.8616
92	0.0081	0.1299	0.8558	0.8218	0.9193	0.8596
93	0.0039	0.1122	0.8755	0.8513	0.9203	0.8782
94	0.0031	0.1124	0.8772	0.8344	0.9432	0.8811
95	0.0048	0.1134	0.8766	0.8412	0.9369	0.8801
96	0.0054	0.1184	0.8695	0.8558	0.8992	0.8715
97	0.0043	0.1150	0.8722	0.8307	0.9445	0.8762
98	0.0037	0.1123	0.8763	0.8369	0.9424	0.8807
99	0.0026	0.1061	0.8850	0.8529	0.9377	0.8883
100	0.0023	0.1053	0.8855	0.8526	0.9385	0.8888
101	0.0029	0.0975	0.8939	0.8712	0.9304	0.8957
102	0.0048	0.0976	0.8950	0.8665	0.9379	0.8970
103	0.0025	0.0983	0.8937	0.8664	0.9352	0.8956
104	0.0019	0.0983	0.8946	0.8676	0.9358	0.8965
105	0.0022	0.0993	0.8934	0.8649	0.9371	0.8956
106	0.0031	0.0991	0.8929	0.8670	0.9334	0.8949
107	0.0026	0.0963	0.8962	0.8681	0.9390	0.8983
108	0.0036	0.1031	0.8890	0.8543	0.9432	0.8921
109	0.0024	0.0997	0.8928	0.8537	0.9510	0.8960
110	0.0023	0.0993	0.8938	0.8572	0.9490	0.8969
111	0.0023	0.0985	0.8946	0.8606	0.9451	0.8971
112	0.0030	0.0971	0.8964	0.8651	0.9433	0.8987
113	0.0030	0.0983	0.8949	0.8667	0.9384	0.8971
114	0.0034	0.0959	0.8979	0.8647	0.9473	0.9004
115	0.0026	0.0980	0.8958	0.8627	0.9457	0.8984
116	0.0010	0.0979	0.8963	0.8642	0.9446	0.8988
117	0.0013	0.0960	0.8981	0.8679	0.9435	0.9003
118	0.0009	0.0993	0.8947	0.8593	0.9466	0.8973
119	0.0021	0.0972	0.8969	0.8641	0.9456	0.8993
120	0.0020	0.0961	0.8984	0.8657	0.9466	0.9008
121	0.0024	0.0980	0.8964	0.8599	0.9501	0.8992
122	0.0029	0.0954	0.8988	0.8663	0.9473	0.9013
123	0.0036	0.0936	0.9005	0.8712	0.9444	0.9026
124	0.0008	0.0947	0.8997	0.8727	0.9408	0.9017
125	0.0020	0.0955	0.8994	0.8667	0.9476	0.9018
126	0.0020	0.0941	0.9007	0.8688	0.9474	0.9029
127	0.0024	0.0951	0.8998	0.8664	0.9484	0.9021
128	0.0024	0.0955	0.8992	0.8701	0.9430	0.9014
129	0.0024	0.0962	0.8983	0.8650	0.9482	0.9009
130	0.0020	0.0976	0.8970	0.8607	0.9506	0.8998
131	0.0015	0.0961	0.8987	0.8637	0.9500	0.9013
132	0.0015	0.0969	0.8978	0.8613	0.9514	0.9005
133	0.0023	0.0950	0.9000	0.8661	0.9495	0.9024
134	0.0039	0.0954	0.8995	0.8660	0.9487	0.9019
135	0.0023	0.0940	0.9010	0.8684	0.9489	0.9033
136	0.0027	0.0949	0.9002	0.8679	0.9480	0.9026
137	0.0027	0.0955	0.8993	0.8672	0.9471	0.9017
138	0.0011	0.0963	0.8988	0.8639	0.9500	0.9014
139	0.0023	0.0971	0.8979	0.8617	0.9511	0.9006
140	0.0035	0.0959	0.8992	0.8658	0.9483	0.9016
141	0.0015	0.0960	0.8988	0.8656	0.9482	0.9013
142	0.0015	0.0956	0.8992	0.8658	0.9486	0.9017
143	0.0011	0.0946	0.9004	0.8666	0.9495	0.9027
144	0.0023	0.0957	0.8987	0.8644	0.9494	0.9013
145	0.0023	0.0958	0.8987	0.8651	0.9485	0.9012
