Epoch	Train_Loss	Val_Loss	Val_F1	Val_Recall	Val_Precision	Val_MCC
1	0.4819	0.4681	0.1509	0.3372	0.1019	0.1520
2	0.4549	0.4368	0.2325	0.4037	0.1710	0.2361
3	0.4129	0.4104	0.2943	0.3508	0.2722	0.2880
4	0.3577	0.4060	0.2791	0.4639	0.2074	0.2861
5	0.3078	0.3634	0.3706	0.3516	0.4300	0.3702
6	0.2635	0.3494	0.3862	0.3023	0.6249	0.4138
7	0.2280	0.3229	0.4272	0.3581	0.5833	0.4401
8	0.2020	0.3112	0.4422	0.4193	0.5013	0.4422
9	0.1804	0.3111	0.4402	0.3303	0.7521	0.4802
10	0.1653	0.2845	0.4880	0.4021	0.6766	0.5058
11	0.1537	0.2787	0.4961	0.4343	0.6297	0.5061
12	0.1404	0.2709	0.5098	0.4466	0.6478	0.5206
13	0.1327	0.2682	0.5145	0.4007	0.8061	0.5496
14	0.1242	0.2582	0.5330	0.4542	0.6957	0.5469
15	0.1203	0.2495	0.5488	0.4461	0.7838	0.5744
16	0.1155	0.2477	0.5526	0.4703	0.7209	0.5673
17	0.1107	0.2436	0.5603	0.4533	0.8035	0.5870
18	0.1065	0.2362	0.5737	0.4703	0.7976	0.5970
19	0.1035	0.2389	0.5696	0.4578	0.8376	0.6001
20	0.0991	0.2335	0.5792	0.4722	0.8231	0.6058
21	0.0985	0.2422	0.5631	0.4360	0.8907	0.6042
22	0.0933	0.2204	0.6038	0.4993	0.8235	0.6262
23	0.0920	0.2215	0.6010	0.5178	0.7734	0.6169
24	0.0877	0.2326	0.5809	0.4598	0.8832	0.6179
25	0.0878	0.2151	0.6132	0.5121	0.8287	0.6355
26	0.0849	0.2095	0.6242	0.5348	0.8075	0.6417
27	0.0807	0.2074	0.6279	0.5185	0.8642	0.6532
28	0.0785	0.2038	0.6347	0.5290	0.8615	0.6587
29	0.0772	0.2001	0.6425	0.5492	0.8283	0.6600
30	0.0749	0.1988	0.6436	0.5412	0.8537	0.6646
31	0.0733	0.1937	0.6535	0.5671	0.8207	0.6683
32	0.0704	0.2055	0.6312	0.5114	0.9050	0.6630
33	0.0707	0.1970	0.6476	0.5904	0.7597	0.6556
34	0.0682	0.1926	0.6558	0.5908	0.7786	0.6649
35	0.0667	0.1876	0.6645	0.5876	0.8072	0.6758
36	0.0673	0.1877	0.6652	0.5645	0.8698	0.6856
37	0.0640	0.1836	0.6721	0.5807	0.8523	0.6892
38	0.0601	0.1831	0.6738	0.5802	0.8605	0.6918
39	0.0621	0.1796	0.6795	0.6001	0.8296	0.6923
40	0.0587	0.1795	0.6798	0.5781	0.8833	0.7001
41	0.0588	0.1769	0.6843	0.5892	0.8738	0.7024
42	0.0565	0.1741	0.6897	0.5872	0.9007	0.7113
43	0.0558	0.1735	0.6906	0.5902	0.8914	0.7104
44	0.0545	0.1727	0.6913	0.5895	0.8990	0.7123
45	0.0558	0.1667	0.7033	0.6216	0.8596	0.7170
46	0.0541	0.1699	0.6983	0.6033	0.8887	0.7165
47	0.0523	0.1719	0.6946	0.6006	0.8893	0.7142
48	0.0522	0.1717	0.6951	0.5832	0.9242	0.7192
49	0.0496	0.1704	0.6963	0.5967	0.9057	0.7177
50	0.0470	0.1626	0.7111	0.6084	0.9129	0.7311
51	0.0461	0.1593	0.7173	0.6193	0.9069	0.7356
52	0.0461	0.1641	0.7079	0.6063	0.9197	0.7299
53	0.0440	0.1561	0.7230	0.6383	0.8810	0.7369
54	0.0455	0.1543	0.7261	0.6387	0.8893	0.7407
55	0.0426	0.1539	0.7269	0.6316	0.9095	0.7438
56	0.0453	0.1568	0.7227	0.6362	0.8880	0.7379
57	0.0435	0.1580	0.7193	0.6223	0.9075	0.7374
58	0.0431	0.1527	0.7302	0.6346	0.9100	0.7468
59	0.0434	0.1551	0.7264	0.6348	0.8988	0.7422
60	0.0408	0.1620	0.7135	0.6153	0.9139	0.7340
61	0.0381	0.1480	0.7388	0.6573	0.8893	0.7511
62	0.0374	0.1489	0.7374	0.6423	0.9209	0.7543
63	0.0356	0.1518	0.7326	0.6292	0.9311	0.7519
64	0.0366	0.1445	0.7455	0.6557	0.9115	0.7603
65	0.0338	0.1418	0.7508	0.6605	0.9209	0.7661
66	0.0313	0.1411	0.7511	0.6677	0.9057	0.7647
67	0.0314	0.1411	0.7514	0.6566	0.9285	0.7675
68	0.0300	0.1349	0.7637	0.6821	0.9061	0.7752
69	0.0304	0.1313	0.7698	0.6927	0.9028	0.7802
70	0.0297	0.1304	0.7715	0.6834	0.9281	0.7849
71	0.0293	0.1329	0.7672	0.6838	0.9195	0.7805
72	0.0271	0.1308	0.7706	0.6914	0.9144	0.7830
73	0.0260	0.1274	0.7767	0.6961	0.9197	0.7887
74	0.0255	0.1276	0.7769	0.7016	0.9087	0.7875
75	0.0248	0.1267	0.7782	0.7013	0.9144	0.7894
76	0.0234	0.1267	0.7782	0.7014	0.9135	0.7893
77	0.0230	0.1224	0.7865	0.7140	0.9090	0.7957
78	0.0226	0.1181	0.7932	0.7190	0.9183	0.8027
79	0.0230	0.1198	0.7901	0.7085	0.9335	0.8021
80	0.0214	0.1197	0.7903	0.7143	0.9198	0.8004
81	0.0221	0.1132	0.8027	0.7354	0.9130	0.8104
82	0.0203	0.1174	0.7959	0.7211	0.9225	0.8057
83	0.0213	0.1192	0.7926	0.7224	0.9138	0.8020
84	0.0188	0.1119	0.8048	0.7429	0.9060	0.8116
85	0.0201	0.1140	0.8013	0.7416	0.9011	0.8082
86	0.0193	0.1265	0.7799	0.7065	0.9109	0.7905
87	0.0190	0.1194	0.7926	0.7163	0.9205	0.8024
88	0.0179	0.1111	0.8069	0.7455	0.9111	0.8145
89	0.0184	0.1149	0.8004	0.7562	0.8773	0.8054
90	0.0179	0.1163	0.7976	0.7222	0.9230	0.8069
91	0.0184	0.1178	0.7959	0.7203	0.9293	0.8065
92	0.0164	0.1077	0.8121	0.7520	0.9119	0.8190
93	0.0170	0.1090	0.8107	0.7453	0.9186	0.8182
94	0.0157	0.1151	0.8012	0.7292	0.9294	0.8113
95	0.0149	0.1059	0.8165	0.7537	0.9189	0.8236
96	0.0153	0.1061	0.8155	0.7586	0.9062	0.8211
97	0.0146	0.1125	0.8048	0.7364	0.9185	0.8130
98	0.0147	0.1061	0.8157	0.7610	0.9054	0.8216
99	0.0144	0.1110	0.8073	0.7441	0.9155	0.8154
100	0.0138	0.1077	0.8139	0.7474	0.9263	0.8224
101	0.0125	0.1030	0.8219	0.7671	0.9137	0.8283
102	0.0124	0.1021	0.8230	0.7588	0.9281	0.8304
103	0.0127	0.1021	0.8233	0.7652	0.9195	0.8301
104	0.0123	0.1025	0.8227	0.7538	0.9360	0.8310
105	0.0126	0.1043	0.8197	0.7541	0.9286	0.8277
106	0.0108	0.1039	0.8206	0.7595	0.9269	0.8286
107	0.0129	0.1078	0.8141	0.7424	0.9372	0.8239
108	0.0107	0.1021	0.8238	0.7610	0.9297	0.8317
109	0.0100	0.1042	0.8201	0.7524	0.9350	0.8289
110	0.0113	0.1083	0.8137	0.7388	0.9443	0.8245
111	0.0093	0.1030	0.8227	0.7542	0.9378	0.8314
112	0.0098	0.1018	0.8242	0.7644	0.9260	0.8318
113	0.0110	0.1000	0.8276	0.7693	0.9260	0.8349
114	0.0106	0.0968	0.8328	0.7756	0.9264	0.8393
115	0.0095	0.1014	0.8256	0.7624	0.9338	0.8339
116	0.0109	0.0956	0.8346	0.7757	0.9313	0.8415
117	0.0097	0.0947	0.8367	0.7816	0.9275	0.8431
118	0.0097	0.0946	0.8370	0.7823	0.9261	0.8431
119	0.0092	0.0969	0.8332	0.7708	0.9361	0.8408
120	0.0091	0.0981	0.8316	0.7706	0.9342	0.8393
121	0.0086	0.0975	0.8321	0.7721	0.9315	0.8393
122	0.0084	0.0979	0.8320	0.7729	0.9306	0.8393
123	0.0091	0.0970	0.8337	0.7714	0.9375	0.8414
124	0.0096	0.0975	0.8324	0.7692	0.9378	0.8403
125	0.0077	0.0960	0.8344	0.7741	0.9347	0.8417
126	0.0077	0.0965	0.8344	0.7770	0.9301	0.8414
127	0.0077	0.0957	0.8359	0.7761	0.9351	0.8431
128	0.0081	0.0941	0.8384	0.7805	0.9331	0.8451
129	0.0067	0.0938	0.8387	0.7822	0.9320	0.8454
130	0.0079	0.0963	0.8344	0.7780	0.9291	0.8413
131	0.0086	0.0958	0.8355	0.7799	0.9289	0.8423
132	0.0070	0.0946	0.8368	0.7858	0.9221	0.8428
133	0.0070	0.0970	0.8334	0.7728	0.9351	0.8410
134	0.0066	0.0960	0.8349	0.7759	0.9335	0.8421
135	0.0069	0.0968	0.8340	0.7743	0.9340	0.8414
136	0.0077	0.0967	0.8337	0.7745	0.9337	0.8412
137	0.0066	0.0962	0.8346	0.7770	0.9317	0.8418
138	0.0072	0.0953	0.8360	0.7816	0.9278	0.8427
139	0.0075	0.0942	0.8379	0.7807	0.9325	0.8448
140	0.0069	0.0947	0.8374	0.7821	0.9292	0.8440
141	0.0069	0.0962	0.8350	0.7784	0.9303	0.8420
142	0.0071	0.0963	0.8344	0.7772	0.9308	0.8415
143	0.0070	0.0971	0.8331	0.7753	0.9308	0.8404
144	0.0067	0.0947	0.8373	0.7818	0.9293	0.8439
145	0.0067	0.0956	0.8357	0.7795	0.9301	0.8426
146	0.0071	0.0962	0.8346	0.7779	0.9304	0.8417
147	0.0069	0.0961	0.8353	0.7785	0.9309	0.8424
148	0.0069	0.0956	0.8360	0.7798	0.9305	0.8429
149	0.0076	0.0958	0.8354	0.7786	0.9308	0.8424
