Epoch	Train_Loss	Val_Loss	Val_F1	Val_Recall	Val_Precision	Val_MCC
1	0.4839	0.4702	0.1491	0.3314	0.1011	0.1496
2	0.4583	0.4461	0.2291	0.4037	0.1683	0.2335
3	0.4204	0.4237	0.2699	0.3742	0.2236	0.2665
4	0.3715	0.4002	0.3146	0.3895	0.2831	0.3104
5	0.3237	0.3833	0.3437	0.2777	0.5263	0.3623
6	0.2776	0.3511	0.3870	0.4240	0.3777	0.3821
7	0.2422	0.3387	0.4087	0.3247	0.6122	0.4296
8	0.2111	0.3156	0.4438	0.3543	0.6592	0.4666
9	0.1871	0.3003	0.4675	0.3773	0.6776	0.4892
10	0.1690	0.2858	0.4900	0.4092	0.6622	0.5050
11	0.1543	0.2754	0.5047	0.4323	0.6534	0.5164
12	0.1414	0.2752	0.5039	0.3936	0.7729	0.5351
13	0.1311	0.2592	0.5325	0.4676	0.6613	0.5414
14	0.1263	0.2597	0.5301	0.4959	0.6020	0.5321
15	0.1184	0.2518	0.5444	0.4379	0.7875	0.5710
16	0.1138	0.2420	0.5624	0.4726	0.7503	0.5793
17	0.1086	0.2375	0.5706	0.4931	0.7236	0.5831
18	0.1069	0.2331	0.5787	0.4792	0.7886	0.5999
19	0.1027	0.2335	0.5781	0.5127	0.7084	0.5880
20	0.1012	0.2284	0.5873	0.4792	0.8242	0.6129
21	0.0954	0.2204	0.6024	0.5172	0.7770	0.6186
22	0.0930	0.2166	0.6096	0.5188	0.7932	0.6269
23	0.0907	0.2146	0.6140	0.5100	0.8293	0.6358
24	0.0896	0.2118	0.6187	0.5132	0.8384	0.6413
25	0.0872	0.2101	0.6212	0.5618	0.7370	0.6297
26	0.0831	0.2114	0.6193	0.5096	0.8550	0.6447
27	0.0820	0.2024	0.6361	0.5450	0.8190	0.6527
28	0.0797	0.2009	0.6393	0.5627	0.7899	0.6520
29	0.0789	0.1952	0.6496	0.5515	0.8464	0.6683
30	0.0771	0.1916	0.6563	0.5776	0.8042	0.6686
31	0.0733	0.1880	0.6625	0.5779	0.8188	0.6756
32	0.0716	0.1876	0.6637	0.5931	0.7966	0.6743
33	0.0740	0.1925	0.6546	0.5948	0.7685	0.6630
34	0.0705	0.1856	0.6674	0.5892	0.8243	0.6813
35	0.0672	0.1903	0.6595	0.5664	0.8486	0.6775
36	0.0676	0.1946	0.6506	0.5497	0.8565	0.6715
37	0.0653	0.1844	0.6697	0.5782	0.8497	0.6869
38	0.0643	0.1804	0.6768	0.6167	0.7953	0.6866
39	0.0637	0.1736	0.6902	0.6054	0.8451	0.7032
40	0.0636	0.1728	0.6914	0.6158	0.8299	0.7027
41	0.0592	0.1713	0.6942	0.5999	0.8715	0.7102
42	0.0603	0.1725	0.6916	0.6328	0.7984	0.6992
43	0.0604	0.1712	0.6945	0.6003	0.8694	0.7103
44	0.0578	0.1700	0.6966	0.6183	0.8448	0.7095
45	0.0583	0.1752	0.6872	0.5888	0.8793	0.7052
46	0.0570	0.1659	0.7043	0.6334	0.8353	0.7149
47	0.0557	0.1744	0.6883	0.6313	0.7943	0.6959
48	0.0553	0.1659	0.7049	0.6293	0.8495	0.7176
49	0.0536	0.1610	0.7126	0.6331	0.8614	0.7256
50	0.0539	0.1620	0.7114	0.6351	0.8529	0.7233
51	0.0526	0.1621	0.7106	0.6313	0.8591	0.7236
52	0.0539	0.1644	0.7062	0.6438	0.8178	0.7141
53	0.0511	0.1573	0.7198	0.6449	0.8568	0.7305
54	0.0499	0.1586	0.7181	0.6478	0.8440	0.7279
55	0.0488	0.1598	0.7153	0.6347	0.8624	0.7279
56	0.0499	0.1585	0.7183	0.6332	0.8742	0.7319
57	0.0468	0.1618	0.7127	0.6167	0.8976	0.7304
58	0.0468	0.1514	0.7310	0.6369	0.9028	0.7463
59	0.0441	0.1508	0.7331	0.6467	0.8952	0.7477
60	0.0431	0.1476	0.7373	0.6467	0.9086	0.7524
61	0.0424	0.1476	0.7389	0.6690	0.8617	0.7481
62	0.0419	0.1452	0.7423	0.6789	0.8601	0.7511
63	0.0398	0.1420	0.7496	0.6768	0.8840	0.7601
64	0.0386	0.1421	0.7489	0.6697	0.9011	0.7622
65	0.0369	0.1394	0.7535	0.6858	0.8737	0.7629
66	0.0366	0.1364	0.7592	0.6813	0.8952	0.7700
67	0.0342	0.1360	0.7596	0.6928	0.8796	0.7691
68	0.0352	0.1373	0.7565	0.6742	0.9085	0.7697
69	0.0330	0.1333	0.7645	0.6991	0.8743	0.7722
70	0.0325	0.1341	0.7629	0.6807	0.9093	0.7754
71	0.0310	0.1310	0.7686	0.6915	0.9087	0.7806
72	0.0304	0.1322	0.7668	0.7090	0.8687	0.7743
73	0.0295	0.1312	0.7696	0.6957	0.8994	0.7802
74	0.0274	0.1296	0.7732	0.7192	0.8635	0.7789
75	0.0283	0.1288	0.7745	0.7008	0.9057	0.7853
76	0.0265	0.1248	0.7816	0.7172	0.8896	0.7893
77	0.0258	0.1247	0.7819	0.7109	0.9048	0.7914
78	0.0243	0.1252	0.7813	0.7190	0.8881	0.7891
79	0.0227	0.1227	0.7852	0.7269	0.8835	0.7920
80	0.0227	0.1250	0.7817	0.7208	0.8880	0.7897
81	0.0235	0.1265	0.7786	0.7022	0.9151	0.7894
82	0.0207	0.1217	0.7870	0.7274	0.8894	0.7945
83	0.0212	0.1237	0.7848	0.7198	0.8922	0.7923
84	0.0215	0.1204	0.7895	0.7176	0.9150	0.7994
85	0.0211	0.1218	0.7870	0.7200	0.9081	0.7971
86	0.0196	0.1301	0.7733	0.6908	0.9273	0.7866
87	0.0199	0.1239	0.7839	0.7248	0.8971	0.7934
88	0.0186	0.1190	0.7931	0.7337	0.8986	0.8013
89	0.0178	0.1227	0.7863	0.7176	0.9097	0.7956
90	0.0182	0.1151	0.7998	0.7353	0.9153	0.8092
91	0.0172	0.1149	0.8006	0.7547	0.8827	0.8064
92	0.0172	0.1096	0.8100	0.7525	0.9079	0.8171
93	0.0164	0.1140	0.8017	0.7463	0.8962	0.8086
94	0.0161	0.1116	0.8057	0.7643	0.8800	0.8108
95	0.0165	0.1098	0.8090	0.7738	0.8763	0.8137
96	0.0167	0.1162	0.7987	0.7282	0.9298	0.8097
97	0.0148	0.1048	0.8185	0.7610	0.9194	0.8256
98	0.0138	0.1063	0.8157	0.7632	0.9105	0.8228
99	0.0139	0.1050	0.8184	0.7661	0.9089	0.8250
100	0.0127	0.1041	0.8205	0.7590	0.9205	0.8275
101	0.0125	0.1004	0.8258	0.7840	0.8940	0.8298
102	0.0134	0.1018	0.8245	0.7594	0.9346	0.8323
103	0.0107	0.0951	0.8360	0.7785	0.9270	0.8419
104	0.0119	0.0988	0.8292	0.7908	0.8946	0.8333
105	0.0118	0.0978	0.8317	0.7762	0.9225	0.8380
106	0.0108	0.0941	0.8380	0.7931	0.9099	0.8423
107	0.0090	0.0929	0.8399	0.8004	0.9026	0.8433
108	0.0099	0.0930	0.8393	0.7986	0.9053	0.8432
109	0.0090	0.0927	0.8406	0.7851	0.9282	0.8463
110	0.0098	0.0913	0.8433	0.7927	0.9245	0.8486
111	0.0084	0.0930	0.8404	0.7865	0.9274	0.8463
112	0.0088	0.0902	0.8449	0.8063	0.9082	0.8487
113	0.0084	0.0953	0.8368	0.7756	0.9351	0.8436
114	0.0093	0.0898	0.8461	0.8045	0.9143	0.8504
115	0.0078	0.0878	0.8495	0.8031	0.9226	0.8539
116	0.0078	0.0905	0.8451	0.7939	0.9268	0.8504
117	0.0085	0.0906	0.8442	0.8064	0.9058	0.8478
118	0.0073	0.0915	0.8429	0.7894	0.9277	0.8484
119	0.0086	0.0899	0.8466	0.7974	0.9247	0.8515
120	0.0081	0.0880	0.8497	0.7970	0.9321	0.8549
121	0.0075	0.0859	0.8531	0.8185	0.9102	0.8565
122	0.0064	0.0873	0.8505	0.8071	0.9203	0.8549
123	0.0075	0.0883	0.8489	0.8149	0.9066	0.8526
124	0.0078	0.0854	0.8542	0.8149	0.9181	0.8582
125	0.0063	0.0870	0.8512	0.8057	0.9238	0.8558
126	0.0076	0.0862	0.8530	0.8082	0.9235	0.8573
127	0.0065	0.0915	0.8446	0.8199	0.8900	0.8473
128	0.0069	0.0843	0.8562	0.8221	0.9124	0.8595
129	0.0059	0.0857	0.8535	0.8162	0.9144	0.8573
130	0.0062	0.0872	0.8514	0.8075	0.9221	0.8559
131	0.0069	0.0854	0.8548	0.8051	0.9316	0.8594
132	0.0057	0.0820	0.8605	0.8267	0.9151	0.8636
133	0.0057	0.0843	0.8560	0.8170	0.9192	0.8599
134	0.0063	0.0821	0.8603	0.8227	0.9203	0.8638
135	0.0069	0.0809	0.8622	0.8284	0.9165	0.8653
136	0.0066	0.0842	0.8565	0.8093	0.9300	0.8609
137	0.0057	0.0815	0.8615	0.8150	0.9329	0.8656
138	0.0054	0.0820	0.8604	0.8263	0.9163	0.8637
139	0.0055	0.0798	0.8642	0.8283	0.9218	0.8676
140	0.0050	0.0827	0.8593	0.8216	0.9199	0.8629
141	0.0062	0.0806	0.8630	0.8219	0.9280	0.8670
142	0.0046	0.0808	0.8626	0.8219	0.9268	0.8664
143	0.0051	0.0798	0.8644	0.8311	0.9190	0.8677
144	0.0047	0.0805	0.8635	0.8268	0.9230	0.8672
145	0.0055	0.0814	0.8618	0.8228	0.9241	0.8655
146	0.0046	0.0801	0.8641	0.8302	0.9194	0.8674
147	0.0041	0.0850	0.8556	0.8104	0.9273	0.8601
148	0.0058	0.0799	0.8643	0.8264	0.9249	0.8679
149	0.0052	0.0817	0.8615	0.8216	0.9249	0.8653
150	0.0056	0.0783	0.8672	0.8340	0.9212	0.8704
151	0.0058	0.0795	0.8649	0.8214	0.9323	0.8689
152	0.0048	0.0784	0.8668	0.8307	0.9246	0.8702
153	0.0038	0.0791	0.8656	0.8317	0.9207	0.8689
154	0.0050	0.0779	0.8676	0.8290	0.9281	0.8711
155	0.0036	0.0771	0.8693	0.8316	0.9287	0.8728
156	0.0054	0.0767	0.8700	0.8322	0.9293	0.8735
157	0.0054	0.0765	0.8701	0.8340	0.9265	0.8732
158	0.0050	0.0779	0.8680	0.8307	0.9272	0.8715
159	0.0037	0.0754	0.8727	0.8337	0.9336	0.8763
160	0.0041	0.0771	0.8694	0.8388	0.9206	0.8726
161	0.0034	0.0767	0.8700	0.8342	0.9272	0.8734
162	0.0039	0.0763	0.8707	0.8410	0.9201	0.8737
163	0.0037	0.0755	0.8721	0.8392	0.9254	0.8753
164	0.0044	0.0766	0.8704	0.8417	0.9193	0.8735
165	0.0038	0.0759	0.8715	0.8379	0.9261	0.8748
166	0.0037	0.0760	0.8714	0.8419	0.9205	0.8743
167	0.0035	0.0756	0.8724	0.8410	0.9232	0.8753
168	0.0042	0.0759	0.8716	0.8396	0.9238	0.8747
169	0.0036	0.0759	0.8718	0.8350	0.9298	0.8752
