Epoch	Train_Loss	Val_Loss	Val_F1	Val_Recall	Val_Precision	Val_MCC
1	0.4854	0.4724	0.1502	0.2726	0.1101	0.1433
2	0.4642	0.4514	0.2429	0.3504	0.1973	0.2387
3	0.4325	0.4285	0.2756	0.4005	0.2228	0.2749
4	0.3823	0.4034	0.3005	0.4648	0.2318	0.3051
5	0.3278	0.3830	0.3602	0.2944	0.5270	0.3755
6	0.2801	0.3473	0.4135	0.3572	0.5392	0.4218
7	0.2376	0.3222	0.4425	0.4354	0.4787	0.4403
8	0.2063	0.3088	0.4573	0.4425	0.5085	0.4574
9	0.1827	0.2973	0.4742	0.4238	0.5780	0.4795
10	0.1597	0.2835	0.4960	0.4089	0.6893	0.5148
11	0.1465	0.2720	0.5121	0.4292	0.6892	0.5283
12	0.1343	0.2608	0.5307	0.4549	0.6947	0.5447
13	0.1233	0.2511	0.5476	0.4641	0.7214	0.5634
14	0.1154	0.2463	0.5553	0.4657	0.7500	0.5742
15	0.1127	0.2421	0.5626	0.4895	0.7111	0.5747
16	0.1064	0.2520	0.5439	0.4183	0.8593	0.5829
17	0.1005	0.2335	0.5781	0.4666	0.8307	0.6063
18	0.0972	0.2334	0.5777	0.5399	0.6587	0.5819
19	0.0936	0.2221	0.5993	0.4959	0.8182	0.6219
20	0.0894	0.2207	0.6022	0.4882	0.8502	0.6285
21	0.0865	0.2085	0.6249	0.5344	0.8052	0.6414
22	0.0827	0.2081	0.6258	0.5414	0.7816	0.6382
23	0.0808	0.2065	0.6290	0.5529	0.7704	0.6398
24	0.0794	0.2031	0.6355	0.5413	0.8224	0.6531
25	0.0767	0.2016	0.6380	0.5294	0.8685	0.6620
26	0.0745	0.1964	0.6478	0.5730	0.7933	0.6601
27	0.0724	0.1935	0.6533	0.5681	0.8188	0.6680
28	0.0696	0.1966	0.6477	0.5355	0.8859	0.6732
29	0.0684	0.1880	0.6632	0.5913	0.7973	0.6737
30	0.0658	0.1810	0.6767	0.5974	0.8283	0.6897
31	0.0649	0.1802	0.6787	0.5775	0.8759	0.6976
32	0.0642	0.1785	0.6813	0.5922	0.8583	0.6975
33	0.0613	0.1788	0.6803	0.5924	0.8597	0.6976
34	0.0604	0.1757	0.6866	0.6032	0.8544	0.7023
35	0.0593	0.1810	0.6763	0.6194	0.7895	0.6855
36	0.0575	0.1757	0.6864	0.5974	0.8635	0.7032
37	0.0588	0.1759	0.6864	0.5934	0.8709	0.7041
38	0.0563	0.1730	0.6924	0.5917	0.8895	0.7115
39	0.0544	0.1718	0.6940	0.6371	0.8034	0.7024
40	0.0546	0.1687	0.6993	0.6419	0.8119	0.7083
41	0.0525	0.1700	0.6974	0.6414	0.8022	0.7050
42	0.0525	0.1674	0.7019	0.6114	0.8791	0.7186
43	0.0490	0.1632	0.7095	0.6032	0.9152	0.7298
44	0.0486	0.1654	0.7061	0.6149	0.8873	0.7232
45	0.0491	0.1620	0.7109	0.6316	0.8678	0.7248
46	0.0486	0.1591	0.7174	0.6274	0.8832	0.7321
47	0.0490	0.1731	0.6926	0.5880	0.9024	0.7141
48	0.0490	0.1621	0.7120	0.6348	0.8682	0.7262
49	0.0464	0.1691	0.6976	0.6011	0.8903	0.7168
50	0.0457	0.1535	0.7272	0.6400	0.8913	0.7422
51	0.0446	0.1555	0.7236	0.6343	0.8920	0.7389
52	0.0442	0.1555	0.7232	0.6593	0.8475	0.7334
53	0.0452	0.1551	0.7249	0.6461	0.8741	0.7382
54	0.0457	0.1523	0.7297	0.6393	0.9003	0.7457
55	0.0447	0.1549	0.7256	0.6365	0.8889	0.7400
56	0.0420	0.1543	0.7262	0.6460	0.8811	0.7405
57	0.0425	0.1513	0.7319	0.6538	0.8789	0.7449
58	0.0406	0.1500	0.7337	0.6707	0.8522	0.7434
59	0.0431	0.1504	0.7339	0.6406	0.9093	0.7502
60	0.0419	0.1470	0.7394	0.6575	0.8929	0.7531
61	0.0392	0.1531	0.7288	0.6365	0.9053	0.7455
62	0.0398	0.1545	0.7270	0.6403	0.8968	0.7427
63	0.0387	0.1461	0.7427	0.6663	0.8806	0.7542
64	0.0389	0.1514	0.7323	0.6392	0.9092	0.7487
65	0.0383	0.1522	0.7311	0.6352	0.9193	0.7492
66	0.0377	0.1469	0.7408	0.6471	0.9181	0.7575
67	0.0369	0.1439	0.7463	0.6631	0.8964	0.7592
68	0.0341	0.1430	0.7467	0.6578	0.9119	0.7618
69	0.0349	0.1425	0.7485	0.6754	0.8815	0.7595
70	0.0342	0.1420	0.7489	0.6647	0.9092	0.7629
71	0.0340	0.1458	0.7440	0.6537	0.9147	0.7600
72	0.0330	0.1431	0.7467	0.6875	0.8531	0.7547
73	0.0342	0.1505	0.7334	0.6426	0.9083	0.7501
74	0.0317	0.1393	0.7551	0.6875	0.8771	0.7649
75	0.0326	0.1357	0.7601	0.6828	0.8959	0.7710
76	0.0300	0.1397	0.7539	0.6655	0.9214	0.7689
77	0.0292	0.1327	0.7670	0.6914	0.9004	0.7779
78	0.0297	0.1425	0.7487	0.6684	0.8970	0.7616
79	0.0277	0.1396	0.7531	0.6657	0.9177	0.7683
80	0.0278	0.1463	0.7434	0.6482	0.9393	0.7634
81	0.0274	0.1323	0.7667	0.7014	0.8866	0.7765
82	0.0256	0.1234	0.7838	0.7210	0.8912	0.7917
83	0.0243	0.1225	0.7856	0.7260	0.8901	0.7937
84	0.0218	0.1299	0.7736	0.6853	0.9340	0.7881
85	0.0206	0.1303	0.7715	0.6796	0.9448	0.7878
86	0.0218	0.1235	0.7838	0.7010	0.9334	0.7969
87	0.0204	0.1167	0.7961	0.7424	0.8902	0.8030
88	0.0185	0.1161	0.7971	0.7124	0.9448	0.8097
89	0.0181	0.1166	0.7970	0.7271	0.9212	0.8074
90	0.0176	0.1258	0.7820	0.6974	0.9336	0.7952
91	0.0182	0.1095	0.8091	0.7404	0.9283	0.8186
92	0.0182	0.1159	0.7982	0.7454	0.8937	0.8057
93	0.0168	0.1107	0.8075	0.7341	0.9332	0.8175
94	0.0152	0.1094	0.8099	0.7626	0.8870	0.8144
95	0.0149	0.1038	0.8197	0.7537	0.9283	0.8275
96	0.0154	0.1044	0.8174	0.7516	0.9253	0.8252
97	0.0131	0.1014	0.8235	0.7702	0.9111	0.8294
98	0.0133	0.1109	0.8065	0.7275	0.9426	0.8177
99	0.0135	0.1020	0.8229	0.7584	0.9288	0.8306
100	0.0134	0.1000	0.8258	0.7670	0.9242	0.8330
101	0.0128	0.0970	0.8311	0.7709	0.9278	0.8376
102	0.0114	0.0976	0.8308	0.7728	0.9255	0.8374
103	0.0105	0.0955	0.8344	0.7771	0.9227	0.8396
104	0.0115	0.0955	0.8341	0.7919	0.9041	0.8385
105	0.0116	0.1175	0.7956	0.7122	0.9472	0.8094
106	0.0100	0.1098	0.8096	0.7342	0.9419	0.8204
107	0.0111	0.0954	0.8345	0.7809	0.9203	0.8401
108	0.0108	0.0973	0.8313	0.7739	0.9306	0.8386
109	0.0103	0.0959	0.8342	0.7764	0.9283	0.8408
110	0.0104	0.1019	0.8229	0.7528	0.9370	0.8313
111	0.0091	0.1084	0.8118	0.7305	0.9507	0.8230
112	0.0087	0.0890	0.8454	0.7918	0.9299	0.8503
113	0.0083	0.0946	0.8356	0.7871	0.9174	0.8409
114	0.0081	0.0888	0.8463	0.7934	0.9278	0.8513
115	0.0090	0.0902	0.8447	0.7852	0.9371	0.8506
116	0.0073	0.0866	0.8510	0.8000	0.9286	0.8555
117	0.0084	0.0835	0.8569	0.8120	0.9253	0.8607
118	0.0077	0.0856	0.8533	0.8017	0.9331	0.8582
119	0.0077	0.0904	0.8446	0.7868	0.9414	0.8518
120	0.0069	0.0950	0.8363	0.7721	0.9429	0.8440
121	0.0078	0.0916	0.8421	0.7785	0.9450	0.8497
122	0.0063	0.0902	0.8450	0.7867	0.9387	0.8517
123	0.0068	0.0846	0.8545	0.8082	0.9272	0.8590
124	0.0066	0.0846	0.8543	0.8044	0.9320	0.8591
125	0.0058	0.0931	0.8398	0.7755	0.9445	0.8476
126	0.0057	0.0842	0.8555	0.8028	0.9376	0.8608
127	0.0062	0.0842	0.8560	0.8033	0.9375	0.8611
