Epoch	Train_Loss	Val_Loss	Val_F1	Val_Recall	Val_Precision	Val_MCC
1	0.4843	0.4560	0.1535	0.4487	0.0958	0.1701
2	0.4358	0.4375	0.1897	0.4666	0.1238	0.2072
3	0.4084	0.4135	0.2387	0.4171	0.1766	0.2436
4	0.3920	0.4051	0.2546	0.3985	0.1986	0.2554
5	0.3841	0.4026	0.2610	0.4276	0.1989	0.2651
6	0.3728	0.4025	0.2631	0.4124	0.2054	0.2650
7	0.3667	0.3889	0.2864	0.3904	0.2426	0.2838
8	0.3575	0.3935	0.2818	0.4309	0.2230	0.2844
9	0.3505	0.3805	0.3024	0.3756	0.2749	0.2983
10	0.3425	0.3780	0.3077	0.3815	0.2784	0.3034
11	0.3355	0.3730	0.3163	0.3637	0.3024	0.3106
12	0.3258	0.3773	0.3111	0.3785	0.2863	0.3067
13	0.3207	0.3689	0.3253	0.3782	0.3101	0.3207
14	0.3129	0.3702	0.3247	0.4053	0.2920	0.3215
15	0.3011	0.3702	0.3257	0.4072	0.2931	0.3228
16	0.2913	0.3705	0.3255	0.4059	0.2952	0.3230
17	0.2846	0.3614	0.3423	0.3996	0.3257	0.3388
18	0.2751	0.3587	0.3463	0.3941	0.3351	0.3422
19	0.2693	0.3499	0.3619	0.3793	0.3818	0.3594
20	0.2613	0.3435	0.3740	0.3813	0.4060	0.3727
21	0.2557	0.3472	0.3686	0.4154	0.3621	0.3661
22	0.2467	0.3506	0.3623	0.4073	0.3568	0.3596
23	0.2432	0.3553	0.3565	0.4454	0.3196	0.3552
24	0.2380	0.3475	0.3684	0.4152	0.3576	0.3649
25	0.2308	0.3385	0.3828	0.3957	0.4084	0.3814
26	0.2270	0.3355	0.3883	0.3820	0.4376	0.3886
27	0.2247	0.3367	0.3850	0.3451	0.4932	0.3923
28	0.2217	0.3354	0.3887	0.3810	0.4389	0.3890
29	0.2182	0.3318	0.3945	0.3643	0.4812	0.3989
30	0.2179	0.3343	0.3920	0.4074	0.4153	0.3907
31	0.2140	0.3327	0.3935	0.3747	0.4638	0.3964
32	0.2143	0.3321	0.3949	0.3959	0.4324	0.3941
33	0.2117	0.3311	0.3968	0.3933	0.4402	0.3965
34	0.2098	0.3302	0.3988	0.4065	0.4292	0.3977
35	0.2088	0.3391	0.3848	0.4422	0.3684	0.3826
36	0.2056	0.3323	0.3954	0.4078	0.4220	0.3944
37	0.2036	0.3311	0.3981	0.4253	0.4104	0.3968
38	0.2009	0.3254	0.4068	0.3945	0.4660	0.4085
39	0.1998	0.3257	0.4072	0.4032	0.4530	0.4076
40	0.1984	0.3271	0.4040	0.3893	0.4664	0.4060
41	0.1965	0.3234	0.4106	0.3813	0.4979	0.4155
42	0.1956	0.3257	0.4066	0.3839	0.4822	0.4102
43	0.1950	0.3231	0.4119	0.4000	0.4691	0.4134
44	0.1935	0.3235	0.4120	0.4028	0.4691	0.4138
45	0.1919	0.3211	0.4154	0.3969	0.4870	0.4189
46	0.1892	0.3280	0.4014	0.3462	0.5509	0.4153
47	0.1876	0.3241	0.4092	0.3588	0.5369	0.4194
48	0.1870	0.3243	0.4090	0.3785	0.4982	0.4143
49	0.1852	0.3249	0.4097	0.4178	0.4427	0.4095
50	0.1833	0.3215	0.4137	0.3745	0.5185	0.4208
51	0.1808	0.3204	0.4163	0.3860	0.5064	0.4218
52	0.1783	0.3194	0.4183	0.3870	0.5081	0.4236
53	0.1783	0.3188	0.4194	0.3911	0.5033	0.4239
54	0.1807	0.3192	0.4192	0.4020	0.4845	0.4216
55	0.1766	0.3193	0.4190	0.3968	0.4939	0.4226
56	0.1766	0.3223	0.4150	0.4381	0.4310	0.4139
57	0.1758	0.3189	0.4189	0.3782	0.5256	0.4262
58	0.1761	0.3184	0.4204	0.3957	0.5002	0.4247
59	0.1756	0.3180	0.4206	0.3864	0.5140	0.4262
60	0.1740	0.3181	0.4210	0.3943	0.5030	0.4254
61	0.1726	0.3187	0.4195	0.3776	0.5283	0.4271
62	0.1725	0.3174	0.4220	0.3951	0.5034	0.4263
63	0.1764	0.3174	0.4220	0.3868	0.5183	0.4281
64	0.1743	0.3176	0.4220	0.4001	0.4958	0.4255
65	0.1727	0.3193	0.4183	0.3707	0.5381	0.4273
66	0.1704	0.3173	0.4234	0.4148	0.4778	0.4251
67	0.1725	0.3181	0.4205	0.3781	0.5327	0.4288
68	0.1727	0.3182	0.4205	0.3820	0.5213	0.4270
69	0.1696	0.3172	0.4223	0.3804	0.5308	0.4300
70	0.1714	0.3182	0.4209	0.3847	0.5189	0.4272
71	0.1708	0.3173	0.4219	0.3768	0.5366	0.4303
72	0.1698	0.3175	0.4218	0.3877	0.5157	0.4276
73	0.1694	0.3167	0.4232	0.3803	0.5336	0.4311
74	0.1726	0.3166	0.4236	0.3867	0.5204	0.4294
75	0.1710	0.3172	0.4224	0.3846	0.5226	0.4289
76	0.1692	0.3159	0.4248	0.3833	0.5318	0.4321
77	0.1666	0.3179	0.4210	0.3744	0.5390	0.4298
78	0.1670	0.3170	0.4230	0.3892	0.5156	0.4285
79	0.1672	0.3169	0.4234	0.3905	0.5148	0.4288
80	0.1692	0.3148	0.4271	0.3991	0.5095	0.4315
81	0.1692	0.3170	0.4231	0.3877	0.5194	0.4292
82	0.1671	0.3169	0.4231	0.3932	0.5101	0.4282
83	0.1677	0.3178	0.4210	0.3716	0.5439	0.4304
84	0.1685	0.3161	0.4248	0.3935	0.5130	0.4298
85	0.1689	0.3155	0.4263	0.4037	0.4993	0.4295
86	0.1661	0.3156	0.4256	0.3912	0.5196	0.4313
87	0.1649	0.3163	0.4241	0.3824	0.5328	0.4318
88	0.1663	0.3173	0.4221	0.3762	0.5381	0.4306
89	0.1678	0.3150	0.4273	0.4121	0.4895	0.4296
90	0.1675	0.3156	0.4257	0.3916	0.5186	0.4313
91	0.1678	0.3151	0.4265	0.3923	0.5193	0.4321
92	0.1685	0.3163	0.4238	0.3772	0.5409	0.4325
93	0.1674	0.3155	0.4254	0.3838	0.5323	0.4327
94	0.1674	0.3161	0.4245	0.3840	0.5299	0.4317
95	0.1670	0.3162	0.4241	0.3798	0.5368	0.4322
96	0.1671	0.3155	0.4259	0.3951	0.5135	0.4309
97	0.1657	0.3150	0.4271	0.4026	0.5039	0.4309
98	0.1660	0.3165	0.4236	0.3805	0.5343	0.4315
99	0.1670	0.3159	0.4248	0.3852	0.5284	0.4317
