Epoch	Train_Loss	Val_Loss	Val_F1	Val_Recall	Val_Precision	Val_MCC
1	0.4809	0.4699	0.1356	0.3661	0.0863	0.1409
2	0.4626	0.4553	0.1731	0.3594	0.1198	0.1760
3	0.4296	0.4392	0.2084	0.3687	0.1530	0.2097
4	0.3804	0.4186	0.2572	0.2245	0.3426	0.2588
5	0.3310	0.3878	0.3117	0.2999	0.3542	0.3074
6	0.2876	0.3723	0.3305	0.3264	0.3583	0.3246
7	0.2523	0.3599	0.3500	0.3199	0.4179	0.3489
8	0.2252	0.3444	0.3784	0.3049	0.5435	0.3921
9	0.2041	0.3436	0.3762	0.2802	0.6493	0.4098
10	0.1889	0.3443	0.3728	0.3905	0.3765	0.3664
11	0.1785	0.3380	0.3839	0.2694	0.7828	0.4401
12	0.1671	0.3136	0.4302	0.3720	0.5457	0.4359
13	0.1592	0.3173	0.4237	0.3042	0.7709	0.4701
14	0.1529	0.2993	0.4574	0.3609	0.6729	0.4790
15	0.1470	0.3085	0.4407	0.4062	0.5096	0.4403
16	0.1444	0.2965	0.4632	0.3963	0.5960	0.4714
17	0.1385	0.2856	0.4839	0.3686	0.7676	0.5173
18	0.1358	0.2827	0.4898	0.3837	0.7423	0.5177
19	0.1315	0.2782	0.4981	0.4054	0.6942	0.5162
20	0.1279	0.2746	0.5051	0.4096	0.7048	0.5235
21	0.1255	0.2790	0.4964	0.4245	0.6351	0.5054
22	0.1254	0.2684	0.5164	0.4120	0.7407	0.5388
23	0.1224	0.2706	0.5127	0.4238	0.6885	0.5272
24	0.1180	0.2634	0.5266	0.4097	0.7941	0.5565
25	0.1172	0.2631	0.5276	0.3995	0.8396	0.5652
26	0.1164	0.2605	0.5319	0.4284	0.7657	0.5564
27	0.1161	0.2563	0.5400	0.4181	0.8331	0.5746
28	0.1150	0.2654	0.5243	0.3883	0.8909	0.5721
29	0.1128	0.2522	0.5478	0.4318	0.8014	0.5749
30	0.1105	0.2464	0.5592	0.4447	0.8053	0.5850
31	0.1108	0.2501	0.5517	0.4599	0.7325	0.5671
32	0.1090	0.2509	0.5497	0.4652	0.7178	0.5634
33	0.1095	0.2495	0.5533	0.4202	0.8826	0.5938
34	0.1070	0.2470	0.5575	0.4681	0.7311	0.5719
35	0.1023	0.2325	0.5842	0.4632	0.8426	0.6117
36	0.1002	0.2307	0.5883	0.4620	0.8735	0.6206
37	0.0994	0.2296	0.5897	0.4840	0.7986	0.6091
38	0.0977	0.2276	0.5940	0.4792	0.8387	0.6194
39	0.0971	0.2263	0.5962	0.4883	0.8193	0.6181
40	0.0948	0.2247	0.5992	0.4866	0.8323	0.6226
41	0.0952	0.2226	0.6033	0.4900	0.8400	0.6272
42	0.0951	0.2265	0.5953	0.4978	0.7858	0.6121
43	0.0944	0.2260	0.5962	0.5001	0.7877	0.6133
44	0.0943	0.2210	0.6059	0.4968	0.8248	0.6268
45	0.0932	0.2203	0.6080	0.4988	0.8210	0.6278
46	0.0934	0.2214	0.6054	0.5018	0.8064	0.6235
47	0.0925	0.2174	0.6128	0.4993	0.8415	0.6352
48	0.0922	0.2146	0.6172	0.5013	0.8538	0.6410
49	0.0909	0.2139	0.6190	0.5025	0.8545	0.6425
50	0.0914	0.2147	0.6176	0.5056	0.8375	0.6384
51	0.0906	0.2161	0.6151	0.5126	0.8104	0.6322
52	0.0891	0.2150	0.6171	0.5090	0.8243	0.6359
53	0.0887	0.2126	0.6217	0.5091	0.8426	0.6428
54	0.0899	0.2184	0.6102	0.5184	0.7818	0.6240
55	0.0906	0.2101	0.6262	0.5110	0.8570	0.6488
56	0.0895	0.2160	0.6142	0.5188	0.7973	0.6298
57	0.0883	0.2109	0.6244	0.5170	0.8361	0.6443
58	0.0880	0.2096	0.6270	0.5162	0.8441	0.6475
59	0.0869	0.2121	0.6213	0.5206	0.8142	0.6383
60	0.0867	0.2176	0.6115	0.5249	0.7698	0.6235
61	0.0866	0.2122	0.6216	0.5241	0.8076	0.6377
62	0.0873	0.2057	0.6342	0.5152	0.8804	0.6596
63	0.0864	0.2079	0.6296	0.5233	0.8368	0.6488
64	0.0858	0.2068	0.6326	0.5213	0.8527	0.6537
65	0.0861	0.2071	0.6315	0.5279	0.8302	0.6493
66	0.0842	0.2042	0.6370	0.5205	0.8749	0.6609
67	0.0859	0.2058	0.6335	0.5309	0.8311	0.6511
68	0.0839	0.2026	0.6387	0.5271	0.8578	0.6596
69	0.0846	0.2029	0.6390	0.5288	0.8548	0.6594
70	0.0825	0.2000	0.6444	0.5253	0.8861	0.6688
71	0.0844	0.2011	0.6419	0.5300	0.8657	0.6636
72	0.0808	0.2105	0.6249	0.5390	0.7857	0.6375
73	0.0828	0.2037	0.6369	0.5346	0.8296	0.6537
74	0.0837	0.2052	0.6351	0.5374	0.8170	0.6502
75	0.0807	0.1988	0.6463	0.5373	0.8563	0.6657
76	0.0794	0.2006	0.6430	0.5391	0.8399	0.6605
77	0.0793	0.1968	0.6502	0.5396	0.8644	0.6702
78	0.0792	0.1983	0.6477	0.5407	0.8518	0.6662
79	0.0789	0.1941	0.6558	0.5374	0.8923	0.6793
80	0.0790	0.2026	0.6399	0.5450	0.8119	0.6536
81	0.0786	0.1977	0.6493	0.5423	0.8513	0.6674
82	0.0800	0.1947	0.6544	0.5417	0.8713	0.6747
83	0.0775	0.1971	0.6503	0.5443	0.8520	0.6685
84	0.0795	0.1942	0.6554	0.5441	0.8698	0.6754
85	0.0781	0.1959	0.6524	0.5461	0.8530	0.6703
86	0.0786	0.1950	0.6538	0.5460	0.8613	0.6728
87	0.0761	0.1972	0.6496	0.5483	0.8405	0.6661
88	0.0762	0.1934	0.6568	0.5459	0.8727	0.6771
89	0.0762	0.1949	0.6540	0.5477	0.8580	0.6725
90	0.0792	0.1945	0.6546	0.5485	0.8591	0.6733
91	0.0761	0.1933	0.6565	0.5475	0.8677	0.6762
92	0.0759	0.1942	0.6549	0.5487	0.8587	0.6734
93	0.0767	0.1935	0.6571	0.5487	0.8656	0.6763
94	0.0773	0.1937	0.6565	0.5490	0.8631	0.6754
95	0.0754	0.1930	0.6571	0.5493	0.8639	0.6760
96	0.0754	0.1930	0.6580	0.5496	0.8668	0.6773
97	0.0758	0.1932	0.6571	0.5493	0.8640	0.6761
98	0.0760	0.1927	0.6581	0.5500	0.8658	0.6772
99	0.0762	0.1937	0.6565	0.5506	0.8594	0.6749
100	0.0748	0.1925	0.6584	0.5501	0.8670	0.6776
101	0.0755	0.1937	0.6565	0.5515	0.8566	0.6745
102	0.0758	0.1919	0.6593	0.5511	0.8673	0.6785
103	0.0749	0.1924	0.6589	0.5507	0.8659	0.6779
104	0.0764	0.1931	0.6574	0.5521	0.8567	0.6751
105	0.0751	0.1920	0.6594	0.5521	0.8645	0.6780
106	0.0738	0.1926	0.6586	0.5520	0.8604	0.6767
107	0.0741	0.1913	0.6603	0.5519	0.8688	0.6795
108	0.0754	0.1923	0.6586	0.5528	0.8601	0.6768
109	0.0744	0.1922	0.6589	0.5525	0.8617	0.6772
110	0.0774	0.1918	0.6598	0.5526	0.8645	0.6784
111	0.0747	0.1927	0.6576	0.5538	0.8537	0.6749
112	0.0755	0.1916	0.6599	0.5527	0.8651	0.6786
113	0.0737	0.1918	0.6598	0.5532	0.8636	0.6783
114	0.0750	0.1928	0.6580	0.5539	0.8554	0.6756
115	0.0744	0.1926	0.6587	0.5537	0.8581	0.6765
116	0.0739	0.1919	0.6596	0.5532	0.8624	0.6779
117	0.0759	0.1918	0.6595	0.5531	0.8621	0.6778
